4 6.53e+05 0
7 0 0
414 4.16e+03 0
415 8.31e+03 0
416 1.26e+04 0
417 1.69e+04 0
418 2.14e+04 0
419 2.59e+04 0
420 3.06e+04 0
421 3.52e+04 0
422 4e+04 0
423 4.49e+04 0
424 4.99e+04 0
425 5.49e+04 0
426 6.01e+04 0
427 6.53e+04 0
428 7.07e+04 0
429 7.61e+04 0
430 8.17e+04 0
431 8.73e+04 0
432 9.32e+04 0
433 9.9e+04 0
434 1.05e+05 0
435 1.11e+05 0
436 1.17e+05 0
437 1.24e+05 0
438 1.3e+05 0
439 1.37e+05 0
440 1.43e+05 0
441 1.5e+05 0
442 1.57e+05 0
443 1.64e+05 0
444 1.72e+05 0
445 1.79e+05 0
446 1.86e+05 0
447 1.94e+05 0
448 2.02e+05 0
449 2.1e+05 0
450 2.18e+05 0
451 2.26e+05 0
452 2.34e+05 0
453 2.43e+05 0
454 2.52e+05 0
455 2.61e+05 0
456 2.7e+05 0
457 2.79e+05 0
458 2.88e+05 0
459 2.98e+05 0
460 3.08e+05 0
461 3.17e+05 0
462 3.28e+05 0
463 3.38e+05 0
464 3.48e+05 0
465 3.59e+05 0
466 3.7e+05 0
467 3.81e+05 0
468 3.93e+05 0
469 4.04e+05 0
470 4.16e+05 0
471 4.28e+05 0
472 4.4e+05 0
473 4.52e+05 0
474 4.65e+05 0
475 4.78e+05 0
476 4.91e+05 0
477 5.05e+05 0
478 5.18e+05 0
479 5.32e+05 0
480 5.46e+05 0
481 5.61e+05 0
482 5.76e+05 0
483 5.9e+05 0
484 6.06e+05 0
485 6.21e+05 0
486 6.37e+05 0
