0 3 0 114 201 202
1 3 0 150 202 201
2 3 0 113 173 269
3 3 0 116 197 230
4 3 0 117 196 229
5 3 0 172 221 283
6 3 0 153 269 173
7 3 0 252 96 97
8 3 0 81 82 251
9 3 0 166 96 252
10 3 0 251 82 165
11 3 0 10 11 154
12 3 0 19 20 155
13 3 0 109 234 190
14 3 0 149 157 292
15 3 0 12 206 210
16 3 0 18 211 207
17 3 0 6 236 195
18 3 0 24 193 237
19 3 0 6 7 236
20 3 0 23 24 237
21 3 0 109 201 234
22 3 0 22 237 161
23 3 0 8 160 236
24 3 0 102 172 213
25 3 0 175 311 257
26 3 0 176 258 312
27 3 0 138 175 257
28 3 0 139 258 176
29 3 0 116 167 197
30 3 0 117 168 196
31 3 0 86 171 255
32 3 0 102 221 172
33 3 0 157 189 292
34 3 0 108 212 191
35 3 0 148 191 212
36 3 0 111 185 205
37 3 0 138 205 185
38 3 0 111 205 188
39 3 0 141 188 205
40 3 0 145 283 221
41 3 0 126 213 172
42 3 0 15 16 169
43 3 0 86 87 171
44 3 0 16 271 169
45 3 0 143 190 234
46 3 0 84 85 162
47 3 0 93 94 163
48 3 0 137 230 197
49 3 0 136 229 196
50 3 0 22 23 237
51 3 0 7 8 236
52 3 0 144 234 201
53 3 0 89 90 164
54 3 0 127 210 206
55 3 0 128 207 211
56 3 0 118 254 189
57 3 0 11 210 154
58 3 0 19 155 211
59 3 0 74 75 167
60 3 0 28 29 168
61 3 0 189 254 284
62 3 0 142 255 171
63 3 0 10 154 220
64 3 0 20 219 155
65 3 0 132 209 165
66 3 0 133 166 208
67 3 0 205 257 280
68 3 0 106 159 307
69 3 0 101 302 177
70 3 0 138 257 205
71 3 0 186 239 276
72 3 0 177 302 254
73 3 0 75 197 167
74 3 0 29 196 168
75 3 0 110 155 279
76 3 0 89 164 198
77 3 0 118 175 213
78 3 0 110 239 155
79 3 0 118 213 177
80 3 0 109 284 201
81 3 0 149 317 157
82 3 0 112 235 174
83 3 0 140 174 235
84 3 0 80 251 194
85 3 0 98 192 252
86 3 0 141 267 188
87 3 0 109 190 292
88 3 0 128 239 186
89 3 0 146 169 271
90 3 0 80 81 251
91 3 0 97 98 252
92 3 0 147 199 187
93 3 0 188 267 300
94 3 0 94 203 163
95 3 0 84 162 204
96 3 0 12 13 206
97 3 0 17 18 207
98 3 0 106 174 266
99 3 0 107 158 319
100 3 0 8 245 160
101 3 0 22 161 244
102 3 0 307 232 209
103 3 0 135 215 184
104 3 0 121 184 215
105 3 0 123 214 182
106 3 0 137 182 214
107 3 0 106 307 209
108 3 0 74 167 262
109 3 0 28 168 263
110 3 0 113 260 173
111 3 0 15 169 218
112 3 0 163 282 256
113 3 0 162 255 281
114 3 0 85 255 162
115 3 0 93 163 256
116 3 0 164 261 286
117 3 0 103 176 305
118 3 0 129 223 160
119 3 0 130 161 224
120 3 0 144 286 261
121 3 0 72 73 181
122 3 0 26 27 184
123 3 0 31 32 183
124 3 0 77 78 182
125 3 0 159 229 307
126 3 0 142 171 313
127 3 0 143 256 282
128 3 0 142 281 255
129 3 0 113 163 260
130 3 0 112 259 162
131 3 0 152 246 241
132 3 0 176 285 305
133 3 0 75 76 197
134 3 0 29 30 196
135 3 0 154 238 249
136 3 0 111 249 238
137 3 0 107 267 158
138 3 0 106 266 159
139 3 0 114 202 226
140 3 0 147 226 202
141 3 0 129 160 245
142 3 0 130 244 161
143 3 0 90 261 164
144 3 0 146 207 222
145 3 0 128 222 207
146 3 0 127 206 221
147 3 0 145 221 206
148 3 0 158 124 293
149 3 0 159 125 294
150 3 0 308 124 158
151 3 0 309 125 159
152 3 0 107 214 223
153 3 0 105 224 215
154 3 0 113 282 163
155 3 0 112 162 281
156 3 0 106 295 174
157 3 0 171 231 313
158 3 0 120 208 166
159 3 0 122 165 209
160 3 0 134 262 167
161 3 0 135 263 168
162 3 0 115 169 270
163 3 0 146 270 169
164 3 0 102 213 175
165 3 0 118 189 311
166 3 0 157 311 189
167 3 0 103 222 186
168 3 0 128 186 222
169 3 0 139 276 180
170 3 0 133 208 301
171 3 0 108 250 187
172 3 0 147 187 250
173 3 0 119 199 303
174 3 0 119 187 199
175 3 0 104 178 225
176 3 0 124 225 178
177 3 0 140 266 174
178 3 0 119 303 285
179 3 0 126 228 177
180 3 0 101 177 228
181 3 0 125 241 246
182 3 0 88 89 198
183 3 0 148 212 298
184 3 0 156 298 212
185 3 0 104 225 173
186 3 0 153 173 225
187 3 0 133 173 260
188 3 0 132 295 209
189 3 0 214 314 223
190 3 0 215 224 315
191 3 0 126 177 213
192 3 0 104 208 233
193 3 0 14 15 218
194 3 0 150 201 284
195 3 0 115 316 169
196 3 0 124 268 225
197 3 0 117 229 294
198 3 0 159 294 229
199 3 0 116 230 293
200 3 0 158 293 230
201 3 0 91 92 200
202 3 0 82 248 165
203 3 0 96 166 247
204 3 0 110 276 239
205 3 0 164 286 296
206 3 0 108 187 212
207 3 0 134 167 273
208 3 0 116 273 167
209 3 0 135 168 274
210 3 0 117 274 168
211 3 0 151 304 170
212 3 0 114 296 286
213 3 0 134 233 181
214 3 0 120 181 233
215 3 0 122 232 183
216 3 0 136 183 232
217 3 0 122 251 165
218 3 0 120 166 252
219 3 0 153 225 268
220 3 0 158 230 319
221 3 0 180 276 299
222 3 0 152 241 180
223 3 0 147 297 199
224 3 0 132 165 248
225 3 0 133 247 166
226 3 0 100 258 180
227 3 0 139 180 258
228 3 0 151 170 305
229 3 0 115 242 172
230 3 0 126 172 242
231 3 0 11 12 210
232 3 0 18 19 211
233 3 0 132 259 174
234 3 0 112 174 259
235 3 0 144 200 234
236 3 0 143 234 200
237 3 0 94 95 203
238 3 0 83 84 204
239 3 0 131 231 171
240 3 0 115 170 242
241 3 0 100 180 241
242 3 0 20 21 219
243 3 0 9 10 220
244 3 0 87 240 171
245 3 0 33 194 289
246 3 0 79 195 288
247 3 0 25 291 193
248 3 0 71 290 192
249 3 0 8 9 245
250 3 0 21 22 244
251 3 0 115 270 170
252 3 0 73 262 181
253 3 0 134 181 262
254 3 0 137 265 182
255 3 0 136 264 183
256 3 0 77 182 265
257 3 0 31 183 264
258 3 0 27 263 184
259 3 0 135 184 263
260 3 0 120 290 181
261 3 0 121 291 184
262 3 0 122 183 289
263 3 0 123 182 288
264 3 0 131 171 240
265 3 0 145 218 316
266 3 0 131 226 250
267 3 0 145 316 283
268 3 0 121 237 193
269 3 0 123 195 236
270 3 0 113 269 190
271 3 0 149 190 269
272 3 0 127 185 238
273 3 0 111 238 185
274 3 0 152 277 246
275 3 0 92 256 200
276 3 0 143 200 256
277 3 0 104 233 278
278 3 0 32 33 289
279 3 0 78 79 288
280 3 0 25 26 291
281 3 0 71 72 290
282 3 0 72 181 290
283 3 0 26 184 291
284 3 0 32 289 183
285 3 0 78 288 182
286 3 0 125 246 179
287 3 0 105 179 246
288 3 0 306 276 139
289 3 0 186 276 306
290 3 0 102 175 275
291 3 0 138 275 175
292 3 0 120 192 290
293 3 0 121 193 291
294 3 0 122 289 194
295 3 0 123 288 195
296 3 0 144 261 200
297 3 0 91 200 261
298 3 0 163 203 260
299 3 0 162 259 204
300 3 0 129 188 300
301 3 0 131 198 296
302 3 0 156 312 258
303 3 0 157 257 311
304 3 0 149 292 190
305 3 0 118 177 254
306 3 0 142 191 281
307 3 0 133 301 173
308 3 0 124 178 293
309 3 0 125 179 294
310 3 0 104 173 301
311 3 0 115 172 283
312 3 0 111 188 249
313 3 0 129 249 188
314 3 0 131 250 231
315 3 0 100 241 216
316 3 0 154 249 220
317 3 0 129 220 249
318 3 0 120 252 192
319 3 0 122 194 251
320 3 0 118 311 175
321 3 0 132 174 295
322 3 0 88 198 240
323 3 0 131 240 198
324 3 0 101 303 199
325 3 0 139 176 306
326 3 0 154 210 238
327 3 0 127 238 210
328 3 0 128 211 239
329 3 0 155 239 211
330 3 0 95 247 203
331 3 0 83 204 248
332 3 0 105 246 277
333 3 0 104 278 178
334 3 0 103 306 176
335 3 0 116 178 273
336 3 0 117 179 274
337 3 0 136 196 264
338 3 0 30 264 196
339 3 0 137 197 265
340 3 0 76 265 197
341 3 0 100 298 258
342 3 0 133 203 247
343 3 0 132 248 204
344 3 0 164 296 198
345 3 0 122 209 232
346 3 0 120 233 208
347 3 0 21 244 219
348 3 0 9 220 245
349 3 0 105 287 179
350 3 0 140 243 216
351 3 0 100 216 243
352 3 0 116 293 178
353 3 0 117 294 179
354 3 0 82 83 248
355 3 0 95 96 247
356 3 0 87 88 240
357 3 0 119 325 187
358 3 0 110 279 227
359 3 0 152 180 299
360 3 0 99 280 257
361 3 0 130 224 277
362 3 0 156 258 298
363 3 0 138 185 275
364 3 0 127 318 185
365 3 0 130 277 227
366 3 0 131 296 226
367 3 0 99 268 217
368 3 0 103 186 306
369 3 0 129 300 223
370 3 0 150 284 254
371 3 0 148 243 235
372 3 0 147 250 226
373 3 0 160 314 236
374 3 0 123 236 314
375 3 0 121 315 237
376 3 0 161 237 315
377 3 0 170 304 242
378 3 0 113 190 282
379 3 0 143 282 190
380 3 0 129 245 220
381 3 0 130 219 244
382 3 0 101 228 303
383 3 0 125 216 241
384 3 0 148 324 191
385 3 0 109 189 284
386 3 0 125 309 216
387 3 0 124 308 217
388 3 0 108 191 313
389 3 0 109 292 189
390 3 0 85 86 255
391 3 0 92 93 256
392 3 0 119 285 312
393 3 0 176 312 285
394 3 0 133 260 203
395 3 0 132 204 259
396 3 0 71 192 320
397 3 0 25 193 321
398 3 0 80 194 322
399 3 0 6 195 323
400 3 0 24 321 193
401 3 0 98 320 192
402 3 0 33 322 194
403 3 0 79 323 195
404 3 0 101 199 297
405 3 0 142 313 191
406 3 0 191 324 281
407 3 0 124 217 268
408 3 0 13 272 206
409 3 0 17 207 271
410 3 0 90 91 261
411 3 0 187 325 212
412 3 0 152 227 277
413 3 0 13 14 272
414 3 0 16 17 271
415 3 0 146 222 310
416 3 0 73 74 262
417 3 0 27 28 263
418 3 0 30 31 264
419 3 0 76 77 265
420 3 0 123 314 214
421 3 0 121 215 315
422 3 0 153 253 269
423 3 0 149 269 253
424 3 0 141 205 280
425 3 0 146 271 207
426 3 0 145 206 272
427 3 0 114 286 201
428 3 0 144 201 286
429 3 0 14 218 272
430 3 0 145 272 218
431 3 0 108 231 250
432 3 0 99 253 268
433 3 0 140 235 243
434 3 0 135 287 215
435 3 0 104 301 208
436 3 0 106 209 295
437 3 0 140 216 309
438 3 0 137 214 319
439 3 0 141 217 308
440 3 0 147 202 297
441 3 0 152 299 227
442 3 0 110 227 299
443 3 0 141 280 217
444 3 0 103 305 310
445 3 0 130 279 219
446 3 0 155 219 279
447 3 0 150 302 202
448 3 0 99 217 280
449 3 0 105 215 287
450 3 0 107 300 267
451 3 0 110 299 276
452 3 0 170 310 305
453 3 0 127 221 318
454 3 0 105 277 224
455 3 0 151 285 303
456 3 0 146 310 270
457 3 0 5 71 320
458 3 0 0 323 79
459 3 0 2 322 33
460 3 0 1 321 24
461 3 0 5 320 98
462 3 0 1 25 321
463 3 0 2 80 322
464 3 0 0 6 323
465 3 0 137 319 230
466 3 0 148 298 243
467 3 0 102 318 221
468 3 0 156 212 325
469 3 0 130 227 279
470 3 0 149 253 317
471 3 0 150 254 302
472 3 0 134 278 233
473 3 0 103 310 222
474 3 0 107 319 214
475 3 0 136 307 229
476 3 0 136 232 307
477 3 0 148 235 324
478 3 0 153 268 253
479 3 0 108 313 231
480 3 0 114 226 296
481 3 0 169 316 218
482 3 0 112 281 324
483 3 0 107 223 300
484 3 0 151 305 285
485 3 0 100 243 298
486 3 0 140 309 266
487 3 0 141 308 267
488 3 0 99 257 317
489 3 0 157 317 257
490 3 0 160 223 314
491 3 0 161 315 224
492 3 0 178 278 273
493 3 0 135 274 287
494 3 0 151 303 228
495 3 0 126 304 228
496 3 0 151 228 304
497 3 0 134 273 278
498 3 0 202 302 297
499 3 0 101 297 302
500 3 0 102 275 318
501 3 0 179 287 274
502 3 0 126 242 304
503 3 0 112 324 235
504 3 0 99 317 253
505 3 0 159 266 309
506 3 0 158 267 308
507 3 0 170 270 310
508 3 0 115 283 316
509 3 0 185 318 275
510 3 0 156 325 312
511 3 0 119 312 325
512 3 1 384 502 415
513 3 1 502 341 415
514 3 1 354 385 411
515 3 1 331 415 464
516 3 1 358 428 407
517 3 1 346 407 428
518 3 1 331 464 428
519 3 1 352 440 378
520 3 1 52 417 444
521 3 1 82 449 385
522 3 1 96 387 450
523 3 1 347 453 413
524 3 1 393 438 543
525 3 1 381 485 491
526 3 1 359 389 470
527 3 1 351 492 474
528 3 1 93 386 94
529 3 1 366 413 453
530 3 1 389 500 470
531 3 1 47 426 390
532 3 1 51 52 444
533 3 1 352 378 444
534 3 1 543 438 57
535 3 1 350 532 486
536 3 1 357 416 429
537 3 1 59 484 405
538 3 1 364 491 485
539 3 1 330 443 382
540 3 1 59 60 484
541 3 1 345 411 385
542 3 1 342 383 425
543 3 1 510 403 430
544 3 1 511 404 431
545 3 1 341 403 510
546 3 1 342 404 511
547 3 1 340 390 426
548 3 1 343 406 481
549 3 1 331 384 415
550 3 1 354 504 385
551 3 1 350 423 532
552 3 1 522 447 411
553 3 1 328 441 394
554 3 1 357 427 416
555 3 1 351 416 427
556 3 1 333 494 483
557 3 1 343 481 458
558 3 1 355 393 461
559 3 1 416 496 429
560 3 1 351 474 432
561 3 1 329 383 433
562 3 1 349 433 383
563 3 1 343 400 463
564 3 1 329 425 383
565 3 1 333 424 494
566 3 1 378 440 493
567 3 1 65 66 404
568 3 1 37 38 403
569 3 1 348 420 384
570 3 1 349 383 421
571 3 1 96 450 97
572 3 1 347 387 419
573 3 1 333 442 492
574 3 1 332 421 410
575 3 1 345 522 411
576 3 1 381 402 485
577 3 1 343 463 406
578 3 1 81 449 82
579 3 1 348 384 435
580 3 1 331 435 384
581 3 1 333 492 427
582 3 1 364 397 526
583 3 1 332 410 453
584 3 1 61 395 484
585 3 1 44 45 407
586 3 1 65 404 475
587 3 1 37 403 476
588 3 1 47 48 426
589 3 1 335 493 440
590 3 1 347 524 399
591 3 1 346 523 398
592 3 1 363 388 446
593 3 1 397 433 526
594 3 1 345 385 449
595 3 1 332 453 419
596 3 1 339 519 393
597 3 1 375 474 492
598 3 1 38 430 403
599 3 1 66 431 404
600 3 1 94 386 452
601 3 1 88 474 471
602 3 1 63 64 408
603 3 1 35 36 409
604 3 1 347 413 524
605 3 1 346 412 523
606 3 1 344 395 507
607 3 1 345 396 508
608 3 1 342 490 383
609 3 1 347 450 387
610 3 1 330 414 420
611 3 1 363 518 401
612 3 1 394 441 472
613 3 1 92 460 448
614 3 1 357 424 427
615 3 1 333 427 424
616 3 1 93 448 386
617 3 1 56 57 438
618 3 1 54 497 389
619 3 1 382 462 478
620 3 1 371 520 422
621 3 1 354 455 504
622 3 1 82 385 504
623 3 1 330 382 478
624 3 1 340 426 498
625 3 1 354 411 478
626 3 1 346 464 412
627 3 1 365 412 464
628 3 1 393 543 461
629 3 1 333 483 509
630 3 1 354 478 462
631 3 1 330 420 443
632 3 1 326 423 429
633 3 1 357 429 423
634 3 1 371 422 525
635 3 1 368 463 467
636 3 1 344 507 408
637 3 1 345 508 409
638 3 1 556 336 500
639 3 1 357 423 424
640 3 1 350 424 423
641 3 1 367 422 458
642 3 1 343 458 422
643 3 1 337 517 506
644 3 1 84 455 391
645 3 1 60 61 484
646 3 1 376 486 532
647 3 1 96 489 387
648 3 1 344 484 395
649 3 1 346 398 503
650 3 1 368 406 463
651 3 1 332 392 454
652 3 1 339 397 485
653 3 1 364 485 397
654 3 1 84 391 516
655 3 1 375 471 474
656 3 1 360 475 404
657 3 1 361 476 403
658 3 1 456 477 555
659 3 1 329 433 397
660 3 1 337 416 517
661 3 1 393 519 438
662 3 1 401 518 435
663 3 1 356 473 392
664 3 1 326 436 446
665 3 1 363 446 436
666 3 1 402 556 500
667 3 1 44 407 503
668 3 1 340 451 390
669 3 1 327 437 467
670 3 1 68 69 413
671 3 1 40 41 412
672 3 1 336 470 500
673 3 1 345 449 396
674 3 1 43 503 398
675 3 1 437 521 467
676 3 1 372 550 443
677 3 1 328 422 434
678 3 1 367 434 422
679 3 1 395 533 507
680 3 1 396 534 508
681 3 1 344 405 484
682 3 1 386 473 452
683 3 1 54 389 466
684 3 1 355 465 393
685 3 1 339 393 465
686 3 1 362 545 480
687 3 1 346 503 407
688 3 1 334 477 456
689 3 1 362 439 545
690 3 1 331 401 435
691 3 1 533 62 507
692 3 1 534 34 508
693 3 1 369 402 500
694 3 1 38 39 430
695 3 1 66 67 431
696 3 1 363 505 388
697 3 1 349 421 454
698 3 1 377 517 432
699 3 1 358 390 451
700 3 1 382 443 550
701 3 1 350 486 434
702 3 1 61 533 395
703 3 1 410 421 490
704 3 1 356 392 479
705 3 1 386 480 473
706 3 1 358 546 390
707 3 1 347 399 450
708 3 1 329 418 425
709 3 1 338 473 480
710 3 1 354 391 455
711 3 1 434 486 539
712 3 1 362 448 460
713 3 1 400 468 551
714 3 1 328 394 525
715 3 1 356 452 473
716 3 1 340 401 451
717 3 1 381 551 468
718 3 1 359 466 389
719 3 1 47 390 546
720 3 1 535 475 360
721 3 1 354 462 391
722 3 1 360 425 418
723 3 1 400 520 468
724 3 1 43 398 537
725 3 1 381 556 402
726 3 1 63 408 507
727 3 1 35 409 508
728 3 1 370 498 426
729 3 1 333 509 442
730 3 1 352 444 417
731 3 1 330 411 447
732 3 1 408 475 535
733 3 1 332 479 392
734 3 1 351 432 517
735 3 1 330 447 414
736 3 1 54 55 497
737 3 1 348 443 420
738 3 1 59 405 461
739 3 1 331 499 401
740 3 1 373 454 552
741 3 1 359 470 394
742 3 1 349 454 521
743 3 1 359 394 472
744 3 1 392 552 454
745 3 1 43 44 503
746 3 1 68 413 488
747 3 1 40 412 487
748 3 1 371 468 520
749 3 1 379 531 445
750 3 1 332 454 421
751 3 1 339 465 397
752 3 1 327 467 463
753 3 1 341 510 415
754 3 1 379 445 555
755 3 1 343 520 400
756 3 1 369 519 402
757 3 1 361 414 447
758 3 1 363 401 505
759 3 1 340 505 401
760 3 1 84 516 85
761 3 1 365 487 412
762 3 1 366 488 413
763 3 1 86 432 87
764 3 1 337 496 416
765 3 1 344 418 512
766 3 1 329 397 548
767 3 1 339 402 519
768 3 1 366 453 410
769 3 1 355 461 405
770 3 1 374 509 483
771 3 1 83 455 84
772 3 1 42 537 523
773 3 1 70 538 524
774 3 1 62 63 507
775 3 1 34 35 508
776 3 1 414 502 420
777 3 1 347 419 453
778 3 1 388 501 446
779 3 1 342 425 513
780 3 1 361 409 476
781 3 1 36 476 409
782 3 1 64 475 408
783 3 1 343 422 520
784 3 1 92 448 93
785 3 1 352 472 441
786 3 1 355 405 512
787 3 1 365 464 415
788 3 1 45 469 407
789 3 1 358 407 469
790 3 1 341 514 403
791 3 1 379 477 460
792 3 1 362 460 477
793 3 1 342 513 404
794 3 1 398 523 537
795 3 1 399 524 538
796 3 1 352 417 472
797 3 1 359 472 417
798 3 1 339 485 402
799 3 1 344 512 405
800 3 1 352 441 440
801 3 1 380 440 441
802 3 1 377 432 541
803 3 1 361 403 514
804 3 1 360 404 513
805 3 1 359 417 553
806 3 1 330 478 411
807 3 1 368 528 406
808 3 1 392 473 552
809 3 1 328 525 422
810 3 1 91 460 92
811 3 1 394 547 525
812 3 1 335 440 515
813 3 1 380 515 440
814 3 1 49 50 459
815 3 1 418 457 512
816 3 1 89 445 90
817 3 1 53 54 466
818 3 1 329 457 418
819 3 1 377 506 517
820 3 1 379 555 477
821 3 1 345 409 522
822 3 1 374 481 456
823 3 1 334 456 481
824 3 1 356 549 489
825 3 1 366 410 511
826 3 1 342 511 410
827 3 1 344 408 535
828 3 1 361 522 409
829 3 1 342 410 490
830 3 1 58 59 461
831 3 1 88 471 89
832 3 1 338 552 473
833 3 1 406 528 481
834 3 1 334 481 528
835 3 1 87 474 88
836 3 1 94 452 95
837 3 1 356 489 452
838 3 1 358 469 546
839 3 1 371 525 547
840 3 1 367 483 494
841 3 1 365 415 510
842 3 1 41 42 523
843 3 1 69 70 524
844 3 1 41 523 412
845 3 1 69 524 413
846 3 1 361 514 414
847 3 1 400 551 463
848 3 1 327 463 551
849 3 1 95 489 96
850 3 1 341 502 414
851 3 1 373 467 521
852 3 1 382 550 462
853 3 1 341 414 514
854 3 1 367 458 483
855 3 1 374 483 458
856 3 1 346 428 464
857 3 1 401 499 451
858 3 1 332 419 479
859 3 1 350 434 494
860 3 1 367 494 434
861 3 1 52 553 417
862 3 1 50 527 459
863 3 1 353 445 554
864 3 1 46 47 546
865 3 1 351 517 416
866 3 1 359 553 466
867 3 1 375 492 442
868 3 1 90 445 531
869 3 1 334 439 477
870 3 1 362 477 439
871 3 1 376 446 501
872 3 1 348 530 443
873 3 1 365 430 487
874 3 1 39 487 430
875 3 1 67 488 431
876 3 1 366 431 488
877 3 1 344 535 418
878 3 1 384 420 502
879 3 1 353 555 445
880 3 1 87 432 474
881 3 1 383 490 421
882 3 1 389 497 500
883 3 1 369 500 497
884 3 1 387 549 419
885 3 1 86 541 432
886 3 1 380 441 539
887 3 1 328 539 441
888 3 1 45 46 469
889 3 1 358 499 428
890 3 1 373 521 454
891 3 1 360 418 535
892 3 1 445 471 554
893 3 1 350 494 424
894 3 1 337 462 550
895 3 1 364 437 491
896 3 1 327 491 437
897 3 1 386 448 480
898 3 1 360 513 425
899 3 1 64 65 475
900 3 1 36 37 476
901 3 1 89 471 445
902 3 1 351 427 492
903 3 1 48 495 426
904 3 1 370 426 495
905 3 1 388 505 498
906 3 1 340 498 505
907 3 1 326 429 529
908 3 1 372 529 429
909 3 1 387 489 549
910 3 1 372 429 496
911 3 1 331 428 499
912 3 1 368 467 482
913 3 1 373 482 467
914 3 1 370 459 493
915 3 1 378 493 459
916 3 1 368 545 439
917 3 1 380 539 486
918 3 1 378 459 527
919 3 1 82 504 83
920 3 1 326 532 423
921 3 1 355 457 548
922 3 1 349 526 433
923 3 1 374 458 481
924 3 1 4 533 61
925 3 1 2 34 534
926 3 1 4 62 533
927 3 1 2 534 80
928 3 1 394 470 547
929 3 1 365 510 430
930 3 1 366 511 431
931 3 1 326 446 532
932 3 1 376 532 446
933 3 1 52 53 553
934 3 1 39 40 487
935 3 1 67 68 488
936 3 1 355 548 465
937 3 1 3 537 42
938 3 1 5 98 538
939 3 1 3 43 537
940 3 1 5 538 70
941 3 1 50 51 527
942 3 1 348 435 518
943 3 1 362 480 448
944 3 1 48 49 495
945 3 1 355 512 457
946 3 1 369 536 438
947 3 1 358 451 499
948 3 1 348 518 436
949 3 1 328 434 539
950 3 1 349 437 526
951 3 1 51 444 527
952 3 1 49 459 495
953 3 1 370 495 459
954 3 1 372 443 530
955 3 1 55 56 536
956 3 1 85 541 86
957 3 1 361 447 522
958 3 1 363 436 518
959 3 1 349 521 437
960 3 1 377 516 506
961 3 1 391 506 516
962 3 1 58 461 543
963 3 1 364 526 437
964 3 1 326 529 436
965 3 1 348 436 530
966 3 1 368 439 528
967 3 1 95 452 489
968 3 1 369 438 519
969 3 1 353 442 509
970 3 1 90 531 91
971 3 1 334 528 439
972 3 1 56 438 536
973 3 1 379 460 531
974 3 1 91 531 460
975 3 1 80 542 81
976 3 1 57 58 543
977 3 1 97 544 98
978 3 1 329 548 457
979 3 1 375 442 554
980 3 1 353 554 442
981 3 1 388 540 501
982 3 1 353 509 456
983 3 1 374 456 509
984 3 1 368 482 545
985 3 1 378 527 444
986 3 1 83 504 455
987 3 1 335 501 540
988 3 1 338 480 545
989 3 1 376 515 486
990 3 1 81 542 449
991 3 1 396 449 542
992 3 1 380 486 515
993 3 1 399 544 450
994 3 1 97 450 544
995 3 1 337 506 462
996 3 1 391 462 506
997 3 1 370 493 540
998 3 1 370 540 498
999 3 1 372 496 550
1000 3 1 369 497 536
1001 3 1 353 456 555
1002 3 1 336 468 547
1003 3 1 336 547 470
1004 3 1 336 556 468
1005 3 1 381 468 556
1006 3 1 55 536 497
1007 3 1 419 549 479
1008 3 1 373 552 482
1009 3 1 376 501 515
1010 3 1 397 465 548
1011 3 1 356 479 549
1012 3 1 53 466 553
1013 3 1 46 546 469
1014 3 1 371 547 468
1015 3 1 335 515 501
1016 3 1 375 554 471
1017 3 1 399 538 544
1018 3 1 98 544 538
1019 3 1 85 516 541
1020 3 1 80 534 542
1021 3 1 396 542 534
1022 3 1 388 498 540
1023 3 1 338 545 482
1024 3 1 335 540 493
1025 3 1 338 482 552
1026 3 1 381 491 551
1027 3 1 327 551 491
1028 3 1 337 550 496
1029 3 1 436 529 530
1030 3 1 372 530 529
1031 3 1 377 541 516
