0 -1.0000 0.0000 0 -1
1 1.0000 0.0000 0 -1
2 1.0000 1.0000 -1 0
3 1.0000 2.0000 -1 0
4 -1.0000 2.0000 -1 0
5 -1.0000 1.0000 -1 0
6 -0.9000 0.0000 0 -1
7 -0.8000 0.0000 0 -1
8 -0.7000 0.0000 0 -1
9 -0.6000 0.0000 0 -1
10 -0.5000 0.0000 0 -1
11 -0.4000 0.0000 0 -1
12 -0.3000 0.0000 0 -1
13 -0.2000 0.0000 0 -1
14 -0.1000 0.0000 0 -1
15 -0.0000 0.0000 0 -1
16 0.1000 0.0000 0 -1
17 0.2000 0.0000 0 -1
18 0.3000 0.0000 0 -1
19 0.4000 0.0000 0 -1
20 0.5000 0.0000 0 -1
21 0.6000 0.0000 0 -1
22 0.7000 0.0000 0 -1
23 0.8000 0.0000 0 -1
24 0.9000 0.0000 0 -1
25 1.0000 0.1000 -1 0
26 1.0000 0.2000 -1 0
27 1.0000 0.3000 -1 0
28 1.0000 0.4000 -1 0
29 1.0000 0.5000 -1 0
30 1.0000 0.6000 -1 0
31 1.0000 0.7000 -1 0
32 1.0000 0.8000 -1 0
33 1.0000 0.9000 -1 0
34 1.0000 1.1000 -1 0
35 1.0000 1.2000 -1 0
36 1.0000 1.3000 -1 0
37 1.0000 1.4000 -1 0
38 1.0000 1.5000 -1 0
39 1.0000 1.6000 -1 0
40 1.0000 1.7000 -1 0
41 1.0000 1.8000 -1 0
42 1.0000 1.9000 -1 0
43 0.9000 2.0000 0 0
44 0.8000 2.0000 0 0
45 0.7000 2.0000 0 0
46 0.6000 2.0000 0 0
47 0.5000 2.0000 0 0
48 0.4000 2.0000 0 0
49 0.3000 2.0000 0 0
50 0.2000 2.0000 0 0
51 0.1000 2.0000 0 0
52 0.0000 2.0000 0 0
53 -0.1000 2.0000 0 0
54 -0.2000 2.0000 0 0
55 -0.3000 2.0000 0 0
56 -0.4000 2.0000 0 0
57 -0.5000 2.0000 0 0
58 -0.6000 2.0000 0 0
59 -0.7000 2.0000 0 0
60 -0.8000 2.0000 0 0
61 -0.9000 2.0000 0 0
62 -1.0000 1.9000 -1 0
63 -1.0000 1.8000 -1 0
64 -1.0000 1.7000 -1 0
65 -1.0000 1.6000 -1 0
66 -1.0000 1.5000 -1 0
67 -1.0000 1.4000 -1 0
68 -1.0000 1.3000 -1 0
69 -1.0000 1.2000 -1 0
70 -1.0000 1.1000 -1 0
71 -1.0000 0.9000 -1 0
72 -1.0000 0.8000 -1 0
73 -1.0000 0.7000 -1 0
74 -1.0000 0.6000 -1 0
75 -1.0000 0.5000 -1 0
76 -1.0000 0.4000 -1 0
77 -1.0000 0.3000 -1 0
78 -1.0000 0.2000 -1 0
79 -1.0000 0.1000 -1 0
80 0.9000 1.0000 0 0
81 0.8000 1.0000 0 0
82 0.7000 1.0000 0 0
83 0.6000 1.0000 0 0
84 0.5000 1.0000 0 0
85 0.4000 1.0000 0 0
86 0.3000 1.0000 0 0
87 0.2000 1.0000 0 0
88 0.1000 1.0000 0 0
89 0.0000 1.0000 0 0
90 -0.1000 1.0000 0 0
91 -0.2000 1.0000 0 0
92 -0.3000 1.0000 0 0
93 -0.4000 1.0000 0 0
94 -0.5000 1.0000 0 0
95 -0.6000 1.0000 0 0
96 -0.7000 1.0000 0 0
97 -0.8000 1.0000 0 0
98 -0.9000 1.0000 0 0
99 -0.4500 0.5000 0 0
100 0.4559 0.4973 0 0
101 0.0122 0.5376 0 0
102 -0.2048 0.3130 0 0
103 0.2160 0.3095 0 0
104 -0.6917 0.6917 0 0
105 0.6917 0.3083 0 0
106 0.6842 0.6919 0 0
107 -0.6917 0.3083 0 0
108 0.2472 0.7153 0 0
109 -0.2446 0.7098 0 0
110 0.4557 0.2293 0 0
111 -0.4470 0.2499 0 0
112 0.4732 0.7733 0 0
113 -0.4687 0.7755 0 0
114 -0.0260 0.7699 0 0
115 0.0000 0.2215 0 0
116 -0.7909 0.5039 0 0
117 0.7909 0.4961 0 0
118 -0.1990 0.5131 0 0
119 0.1775 0.5226 0 0
120 -0.8251 0.8251 0 0
121 0.8351 0.1811 0 0
122 0.8251 0.8251 0 0
123 -0.8351 0.1811 0 0
124 -0.6300 0.5167 0 0
125 0.6327 0.4837 0 0
126 -0.0490 0.3845 0 0
127 -0.2982 0.1847 0 0
128 0.2962 0.1697 0 0
129 -0.6077 0.1751 0 0
130 0.6030 0.1696 0 0
131 0.1284 0.8351 0 0
132 0.6239 0.8354 0 0
133 -0.6247 0.8355 0 0
134 -0.8471 0.6500 0 0
135 0.8460 0.3500 0 0
136 0.8447 0.6573 0 0
137 -0.8456 0.3484 0 0
138 -0.3440 0.3688 0 0
139 0.3495 0.3752 0 0
140 0.5458 0.6274 0 0
141 -0.5436 0.3856 0 0
142 0.3307 0.8438 0 0
143 -0.3285 0.8427 0 0
144 -0.1693 0.8445 0 0
145 -0.1255 0.1381 0 0
146 0.1406 0.1535 0 0
147 0.0930 0.6728 0 0
148 0.3958 0.6514 0 0
149 -0.3836 0.6252 0 0
150 -0.1053 0.6497 0 0
151 0.0950 0.4103 0 0
152 0.5543 0.3385 0 0
153 -0.5282 0.6379 0 0
154 -0.4490 0.0987 0 0
155 0.4502 0.1149 0 0
156 0.3230 0.5289 0 0
157 -0.3279 0.5451 0 0
158 -0.6856 0.4116 0 0
159 0.6850 0.5832 0 0
160 -0.7063 0.1234 0 0
161 0.7061 0.1231 0 0
162 0.4533 0.8906 0 0
163 -0.4500 0.8885 0 0
164 -0.0465 0.9033 0 0
165 0.7211 0.8803 0 0
166 -0.7212 0.8803 0 0
167 -0.8939 0.5484 0 0
168 0.8938 0.4516 0 0
169 0.0364 0.1112 0 0
170 0.0753 0.3023 0 0
171 0.2450 0.8891 0 0
172 -0.0986 0.2931 0 0
173 -0.5867 0.7305 0 0
174 0.5767 0.7323 0 0
175 -0.2599 0.4093 0 0
176 0.2513 0.4035 0 0
177 -0.0818 0.4926 0 0
178 -0.7166 0.5848 0 0
179 0.7167 0.4171 0 0
180 0.4526 0.3900 0 0
181 -0.9013 0.7440 0 0
182 -0.9004 0.2543 0 0
183 0.9020 0.7430 0 0
184 0.9004 0.2543 0 0
185 -0.3500 0.2721 0 0
186 0.2983 0.2606 0 0
187 0.1891 0.6243 0 0
188 -0.5447 0.2826 0 0
189 -0.2375 0.5901 0 0
190 -0.3614 0.7425 0 0
191 0.3443 0.7385 0 0
192 -0.8945 0.8945 0 0
193 0.8945 0.1055 0 0
194 0.8945 0.8945 0 0
195 -0.8945 0.1055 0 0
196 0.8941 0.5630 0 0
197 -0.8942 0.4376 0 0
198 0.0591 0.9154 0 0
199 0.1015 0.5661 0 0
200 -0.2493 0.9084 0 0
201 -0.1351 0.7404 0 0
202 -0.0108 0.6770 0 0
203 -0.5488 0.9112 0 0
204 0.5488 0.9112 0 0
205 -0.4405 0.3486 0 0
206 -0.2256 0.0976 0 0
207 0.2283 0.0981 0 0
208 -0.7189 0.7886 0 0
209 0.7244 0.7781 0 0
210 -0.3431 0.0938 0 0
211 0.3518 0.0903 0 0
212 0.3071 0.6251 0 0
213 -0.1489 0.4009 0 0
214 -0.7796 0.2613 0 0
215 0.7802 0.2631 0 0
216 0.5428 0.5305 0 0
217 -0.5403 0.4697 0 0
218 -0.0624 0.0864 0 0
219 0.5462 0.0886 0 0
220 -0.5423 0.0878 0 0
221 -0.1934 0.2132 0 0
222 0.2165 0.2111 0 0
223 -0.6898 0.2183 0 0
224 0.6914 0.2197 0 0
225 -0.6159 0.6252 0 0
226 0.0618 0.7530 0 0
227 0.5380 0.2485 0 0
228 0.0137 0.4502 0 0
229 0.7762 0.5866 0 0
230 -0.7754 0.4120 0 0
231 0.2136 0.7911 0 0
232 0.8115 0.7338 0 0
233 -0.7990 0.7294 0 0
234 -0.2478 0.8014 0 0
235 0.4789 0.6826 0 0
236 -0.7967 0.0915 0 0
237 0.7967 0.0915 0 0
238 -0.3994 0.1807 0 0
239 0.3763 0.1907 0 0
240 0.1465 0.9279 0 0
241 0.5455 0.4361 0 0
242 -0.0064 0.3148 0 0
243 0.4687 0.5922 0 0
244 0.6311 0.0763 0 0
245 -0.6313 0.0773 0 0
246 0.6306 0.3759 0 0
247 -0.6389 0.9254 0 0
248 0.6387 0.9254 0 0
249 -0.5052 0.1828 0 0
250 0.1577 0.7320 0 0
251 0.8084 0.9124 0 0
252 -0.8084 0.9124 0 0
253 -0.4555 0.5902 0 0
254 -0.1362 0.5748 0 0
255 0.3522 0.9208 0 0
256 -0.3530 0.9191 0 0
257 -0.3702 0.4531 0 0
258 0.3559 0.4631 0 0
259 0.5352 0.8286 0 0
260 -0.5358 0.8282 0 0
261 -0.1473 0.9241 0 0
262 -0.9300 0.6492 0 0
263 0.9291 0.3509 0 0
264 0.9292 0.6519 0 0
265 -0.9304 0.3493 0 0
266 0.6231 0.6379 0 0
267 -0.6172 0.3488 0 0
268 -0.5367 0.5566 0 0
269 -0.4537 0.6860 0 0
270 0.0829 0.2120 0 0
271 0.1410 0.0726 0 0
272 -0.1427 0.0644 0 0
273 -0.8006 0.5843 0 0
274 0.8003 0.4161 0 0
275 -0.2859 0.3239 0 0
276 0.3836 0.3004 0 0
277 0.6192 0.2716 0 0
278 -0.7710 0.6480 0 0
279 0.5186 0.1702 0 0
280 -0.4716 0.4293 0 0
281 0.4046 0.8182 0 0
282 -0.4039 0.8230 0 0
283 -0.0811 0.2032 0 0
284 -0.1801 0.6525 0 0
285 0.1685 0.4424 0 0
286 -0.0862 0.8289 0 0
287 0.7637 0.3499 0 0
288 -0.9239 0.1789 0 0
289 0.9239 0.8211 0 0
290 -0.9239 0.8211 0 0
291 0.9239 0.1789 0 0
292 -0.3083 0.6567 0 0
293 -0.7121 0.4989 0 0
294 0.7123 0.5007 0 0
295 0.6502 0.7638 0 0
296 0.0151 0.8343 0 0
297 0.0358 0.6129 0 0
298 0.3908 0.5626 0 0
299 0.4779 0.3058 0 0
300 -0.6302 0.2667 0 0
301 -0.6530 0.7667 0 0
302 -0.0460 0.6073 0 0
303 0.0884 0.4862 0 0
304 0.0257 0.3724 0 0
305 0.1441 0.3508 0 0
306 0.2904 0.3384 0 0
307 0.7611 0.6656 0 0
308 -0.6034 0.4265 0 0
309 0.6059 0.5725 0 0
310 0.1464 0.2496 0 0
311 -0.2753 0.4968 0 0
312 0.2662 0.4835 0 0
313 0.2887 0.7841 0 0
314 -0.7575 0.1780 0 0
315 0.7578 0.1784 0 0
316 -0.0366 0.1525 0 0
317 -0.3974 0.5427 0 0
318 -0.2676 0.2599 0 0
319 -0.7558 0.3455 0 0
320 -0.9448 0.9448 0 0
321 0.9448 0.0552 0 0
322 0.9448 0.9448 0 0
323 -0.9448 0.0552 0 0
324 0.4194 0.7328 0 0
325 0.2526 0.5569 0 0
326 0.3493 1.4973 0 0
327 -0.3500 1.5000 0 0
328 0.0000 1.6275 0 0
329 -0.6529 1.6564 0 0
330 0.6469 1.3378 0 0
331 0.6593 1.6713 0 0
332 -0.6500 1.3268 0 0
333 0.0860 1.3195 0 0
334 -0.1872 1.2763 0 0
335 0.2394 1.7371 0 0
336 -0.2238 1.7234 0 0
337 0.4006 1.2477 0 0
338 -0.4254 1.2396 0 0
339 -0.4678 1.7700 0 0
340 0.4705 1.7906 0 0
341 0.7875 1.5109 0 0
342 -0.7798 1.4943 0 0
343 -0.1659 1.4626 0 0
344 -0.8058 1.8028 0 0
345 0.8146 1.1848 0 0
346 0.8220 1.8210 0 0
347 -0.8106 1.1841 0 0
348 0.5506 1.5075 0 0
349 -0.5531 1.4957 0 0
350 0.1680 1.4963 0 0
351 0.2335 1.1920 0 0
352 0.0629 1.8135 0 0
353 -0.0304 1.1892 0 0
354 0.5932 1.1639 0 0
355 -0.6345 1.8226 0 0
356 -0.5816 1.1700 0 0
357 0.2492 1.3630 0 0
358 0.6261 1.8479 0 0
359 -0.0980 1.8430 0 0
360 -0.8351 1.6347 0 0
361 0.8427 1.3577 0 0
362 -0.3042 1.1759 0 0
363 0.4419 1.6305 0 0
364 -0.4518 1.6193 0 0
365 0.8510 1.6535 0 0
366 -0.8510 1.3465 0 0
367 0.0067 1.4633 0 0
368 -0.3158 1.3488 0 0
369 -0.3353 1.8542 0 0
370 0.3290 1.8556 0 0
371 -0.1466 1.6254 0 0
372 0.4486 1.3947 0 0
373 -0.4615 1.3788 0 0
374 -0.0628 1.3264 0 0
375 0.0925 1.1461 0 0
376 0.2604 1.6115 0 0
377 0.3570 1.1309 0 0
378 0.1738 1.8609 0 0
379 -0.1560 1.1263 0 0
380 0.1289 1.6672 0 0
381 -0.3291 1.6474 0 0
382 0.5430 1.3015 0 0
383 -0.6680 1.5311 0 0
384 0.6466 1.5554 0 0
385 0.7031 1.1254 0 0
386 -0.4475 1.0959 0 0
387 -0.7031 1.1262 0 0
388 0.3622 1.7023 0 0
389 -0.2030 1.8779 0 0
390 0.5259 1.8766 0 0
391 0.4879 1.1185 0 0
392 -0.5457 1.2788 0 0
393 -0.5228 1.8669 0 0
394 -0.0678 1.7249 0 0
395 -0.8783 1.8885 0 0
396 0.8682 1.1167 0 0
397 -0.5301 1.6771 0 0
398 0.8830 1.8883 0 0
399 -0.8690 1.1150 0 0
400 -0.2383 1.5409 0 0
401 0.5340 1.6898 0 0
402 -0.3559 1.7447 0 0
403 0.8882 1.4626 0 0
404 -0.8863 1.5371 0 0
405 -0.7236 1.8847 0 0
406 -0.2126 1.3876 0 0
407 0.7360 1.8947 0 0
408 -0.9004 1.7429 0 0
409 0.9001 1.2615 0 0
410 -0.7458 1.3851 0 0
411 0.7068 1.2367 0 0
412 0.9010 1.7484 0 0
413 -0.9000 1.2539 0 0
414 0.7453 1.4091 0 0
415 0.7524 1.5951 0 0
416 0.3054 1.2820 0 0
417 -0.0057 1.8815 0 0
418 -0.7528 1.7073 0 0
419 -0.7005 1.2266 0 0
420 0.6399 1.4478 0 0
421 -0.6320 1.4314 0 0
422 -0.0705 1.5416 0 0
423 0.2586 1.4476 0 0
424 0.1671 1.3952 0 0
425 -0.7496 1.5978 0 0
426 0.4216 1.8925 0 0
427 0.1989 1.2930 0 0
428 0.7083 1.7764 0 0
429 0.3461 1.3967 0 0
430 0.9165 1.5742 0 0
431 -0.9162 1.4257 0 0
432 0.2723 1.0935 0 0
433 -0.5821 1.5855 0 0
434 0.0627 1.5400 0 0
435 0.5789 1.6001 0 0
436 0.4464 1.5268 0 0
437 -0.4438 1.5181 0 0
438 -0.4391 1.9193 0 0
439 -0.2814 1.2587 0 0
440 0.1597 1.7542 0 0
441 0.0471 1.7136 0 0
442 0.0526 1.2115 0 0
443 0.5402 1.3940 0 0
444 0.0858 1.9116 0 0
445 -0.0585 1.0968 0 0
446 0.3471 1.5965 0 0
447 0.7526 1.3229 0 0
448 -0.3440 1.0877 0 0
449 0.7890 1.0878 0 0
450 -0.7895 1.0874 0 0
451 0.5566 1.7910 0 0
452 -0.5431 1.0886 0 0
453 -0.7751 1.2891 0 0
454 -0.5419 1.3800 0 0
455 0.5650 1.0783 0 0
456 -0.1074 1.2519 0 0
457 -0.6740 1.7484 0 0
458 -0.0766 1.4159 0 0
459 0.2528 1.9153 0 0
460 -0.2371 1.0835 0 0
461 -0.6312 1.9196 0 0
462 0.5034 1.2248 0 0
463 -0.2820 1.4594 0 0
464 0.7827 1.7116 0 0
465 -0.5528 1.7804 0 0
466 -0.1348 1.9250 0 0
467 -0.3910 1.4253 0 0
468 -0.2330 1.6431 0 0
469 0.6490 1.9309 0 0
470 -0.1664 1.7742 0 0
471 0.0384 1.0797 0 0
472 -0.0163 1.7947 0 0
473 -0.4836 1.1915 0 0
474 0.1580 1.0958 0 0
475 -0.9215 1.6518 0 0
476 0.9262 1.3564 0 0
477 -0.2014 1.1929 0 0
478 0.6115 1.2594 0 0
479 -0.6204 1.2425 0 0
480 -0.3883 1.1741 0 0
481 -0.1415 1.3468 0 0
482 -0.4030 1.3254 0 0
483 0.0043 1.3723 0 0
484 -0.8047 1.9196 0 0
485 -0.4255 1.6926 0 0
486 0.1692 1.5900 0 0
487 0.9339 1.6500 0 0
488 -0.9339 1.3500 0 0
489 -0.6320 1.0808 0 0
490 -0.7091 1.4600 0 0
491 -0.3852 1.5895 0 0
492 0.1445 1.2081 0 0
493 0.2489 1.8176 0 0
494 0.0847 1.4370 0 0
495 0.3466 1.9341 0 0
496 0.3933 1.3257 0 0
497 -0.2836 1.9178 0 0
498 0.3820 1.7876 0 0
499 0.6241 1.7516 0 0
500 -0.2664 1.7986 0 0
501 0.2870 1.6787 0 0
502 0.7135 1.4932 0 0
503 0.8131 1.9210 0 0
504 0.6374 1.0706 0 0
505 0.4376 1.7104 0 0
506 0.4185 1.1717 0 0
507 -0.9221 1.8229 0 0
508 0.9212 1.1694 0 0
509 -0.0119 1.2724 0 0
510 0.8392 1.5593 0 0
511 -0.8358 1.4377 0 0
512 -0.7205 1.8040 0 0
513 -0.8139 1.5647 0 0
514 0.8159 1.4351 0 0
515 0.2087 1.6675 0 0
516 0.4141 1.0778 0 0
517 0.3160 1.1909 0 0
518 0.5039 1.5766 0 0
519 -0.4134 1.8289 0 0
520 -0.1672 1.5546 0 0
521 -0.4821 1.4470 0 0
522 0.8166 1.2731 0 0
523 0.9264 1.8322 0 0
524 -0.9248 1.1684 0 0
525 -0.0735 1.6443 0 0
526 -0.5077 1.5704 0 0
527 0.1620 1.9356 0 0
528 -0.2469 1.3212 0 0
529 0.4123 1.4592 0 0
530 0.4832 1.4588 0 0
531 -0.1500 1.0551 0 0
532 0.2588 1.5398 0 0
533 -0.9351 1.9351 0 0
534 0.9290 1.0691 0 0
535 -0.8270 1.7144 0 0
536 -0.3550 1.9387 0 0
537 0.9361 1.9361 0 0
538 -0.9299 1.0684 0 0
539 0.0770 1.6212 0 0
540 0.3075 1.7646 0 0
541 0.3466 1.0603 0 0
542 0.8500 1.0525 0 0
543 -0.5419 1.9430 0 0
544 -0.8500 1.0522 0 0
545 -0.3570 1.2625 0 0
546 0.5802 1.9311 0 0
547 -0.1579 1.6900 0 0
548 -0.6045 1.7308 0 0
549 -0.6523 1.1795 0 0
550 0.4715 1.3147 0 0
551 -0.3108 1.5596 0 0
552 -0.4696 1.2977 0 0
553 -0.0676 1.9333 0 0
554 0.0189 1.1447 0 0
555 -0.1025 1.1734 0 0
556 -0.2890 1.7049 0 0
